edges: 466374
nzero_edges: 439620
vertex: 932748
nzero_vertex: 932748
nzero_wmean: 141.0979551
nzero_wsd: 9598.2981896

