edges: 82898
nzero_edges: 78940
vertex: 165796
nzero_vertex: 165796
nzero_wmean: 77069.2636053
nzero_wsd: 5681362.773976

