edges: 90154
nzero_edges: 86351
vertex: 180308
nzero_vertex: 180308
nzero_wmean: 49.7537029
nzero_wsd: 2397.6408451

