edges: 82898
nzero_edges: 78940
vertex: 165796
nzero_vertex: 165796
nzero_wmean: 94.4651127
nzero_wsd: 4449.1011131

