edges: 860844
nzero_edges: 819803
vertex: 1721688
nzero_vertex: 1721688
nzero_wmean: 158783.1726159
nzero_wsd: 2.9254577e+07

