edges: 960958
nzero_edges: 877634
vertex: 1921916
nzero_vertex: 1921916
nzero_wmean: 81.5968798
nzero_wsd: 5891.5430611

