edges: 860844
nzero_edges: 819803
vertex: 1721688
nzero_vertex: 1721688
nzero_wmean: 188.9196051
nzero_wsd: 22253.9646861

