edges: 909558
nzero_edges: 840901
vertex: 1819116
nzero_vertex: 1819116
nzero_wmean: 96808.2476938
nzero_wsd: 1.7581567e+07

