edges: 241990
nzero_edges: 228580
vertex: 483980
nzero_vertex: 483980
nzero_wmean: 169.0986394
nzero_wsd: 17334.8931786

