edges: 466374
nzero_edges: 439620
vertex: 932748
nzero_vertex: 932748
nzero_wmean: 106803.4319503
nzero_wsd: 9967782.2203589

