edges: 909558
nzero_edges: 840901
vertex: 1819116
nzero_vertex: 1819116
nzero_wmean: 136.8672519
nzero_wsd: 19267.3345634

