edges: 1285684
nzero_edges: 1234211
vertex: 2571368
nzero_vertex: 2571368
nzero_wmean: 58.0366242
nzero_wsd: 4531.736744

