edges: 421056
nzero_edges: 391876
vertex: 842112
nzero_vertex: 842112
nzero_wmean: 157.7212766
nzero_wsd: 7234.6235639

