edges: 89404
nzero_edges: 85782
vertex: 178808
nzero_vertex: 178808
nzero_wmean: 52.1248164
nzero_wsd: 3344.0273203

