edges: 705438
nzero_edges: 666207
vertex: 1410876
nzero_vertex: 1410876
nzero_wmean: 76.0135558
nzero_wsd: 5881.605406

