edges: 203476
nzero_edges: 189388
vertex: 406952
nzero_vertex: 406952
nzero_wmean: 69.5912413
nzero_wsd: 3948.1426154

