edges: 960958
nzero_edges: 877634
vertex: 1921916
nzero_vertex: 1921916
nzero_wmean: 72083.8209607
nzero_wsd: 7426521.4937281

