edges: 1285684
nzero_edges: 1234211
vertex: 2571368
nzero_vertex: 2571368
nzero_wmean: 44049.4855264
nzero_wsd: 5639014.0832209

