edges: 1048422
nzero_edges: 931570
vertex: 2096844
nzero_vertex: 2096844
nzero_wmean: 132263.1042842
nzero_wsd: 1.4807044e+07

