edges: 705438
nzero_edges: 666207
vertex: 1410876
nzero_vertex: 1410876
nzero_wmean: 53287.0271102
nzero_wsd: 5986350.8285759

