edges: 421056
nzero_edges: 391876
vertex: 842112
nzero_vertex: 842112
nzero_wmean: 142152.9321163
nzero_wsd: 9787031.8093896

