edges: 241990
nzero_edges: 228580
vertex: 483980
nzero_vertex: 483980
nzero_wmean: 136292.0757459
nzero_wsd: 2.2800404e+07

