edges: 203476
nzero_edges: 189388
vertex: 406952
nzero_vertex: 406952
nzero_wmean: 45991.8504816
nzero_wsd: 3233396.0817337

