edges: 89404
nzero_edges: 85782
vertex: 178808
nzero_vertex: 178808
nzero_wmean: 43623.0410576
nzero_wsd: 4838234.6255329

