edges: 90154
nzero_edges: 86351
vertex: 180308
nzero_vertex: 180308
nzero_wmean: 38375.3748306
nzero_wsd: 2970428.5894318

